10000
92663
62224
29679
98888
46425
90473
33354
62270
32117
78277
21831
39670
89613
29878
90805
62022
55841
56810
45925
42235
61511
38531
71064
75322
27539
81965
21498
14795
20304
22308
85742
76065
44865
73171
33981
49355
98314
80146
81596
1955
76469
48996
32626
54967
48476
8881
67778
44202
95671
92680
17833
30462
21563
15215
62928
3181
10096
64646
89028
66953
70854
22634
46684
74410
96328
79343
93292
47536
22355
50402
16887
58713
18100
82064
39315
56688
32232
77776
38913
68959
53902
12796
53777
96780
48413
22333
71008
71547
34424
64308
74154
10310
33032
25817
155
6125
22860
67805
59813
15504
25295
21426
28901
31668
93865
79038
18238
18606
41598
89855
52298
71538
34933
77946
19575
23897
84082
71231
86408
8810
2821
33923
88953
66514
24261
15415
5947
15926
54234
35265
77258
75516
28351
94186
62741
57732
3984
59761
65903
17433
43128
85685
2303
10073
46160
19984
2677
39341
56812
63536
9175
20331
99618
61973
35358
90594
25177
46310
46867
93351
51192
39919
13810
95453
14651
31594
67123
64138
70474
82509
91541
77741
49662
58558
82217
19544
93316
33192
45220
10826
51385
69802
28348
29712
65745
20325
71676
37502
14780
9558
93412
22238
47664
10275
73796
53039
44328
31833
27448
56762
22715
69697
38585
70509
61786
36168
66981
50551
14354
47941
91654
56476
87358
52304
94725
92558
84320
32537
5475
98510
60363
34165
40324
54588
70993
29179
44130
42855
8100
22090
85324
10412
5795
9992
65945
44662
61821
7357
74275
99381
52320
84040
81727
51801
85801
72627
35004
81973
87876
67204
23497
39334
12328
87553
43302
95890
16545
31343
85754
93670
57433
16050
73763
70019
39461
23870
78572
40722
86814
80115
60321
94833
25944
88765
31581
80318
4043
47892
99163
34839
25708
18211
5631
87182
38464
27378
63200
70802
93935
28633
82860
5940
87254
50905
83251
56748
44530
96370
42853
58643
88806
29451
24260
24985
95773
86352
71074
71450
1733
64157
83029
4149
74279
49157
94210
88934
93412
33527
31098
62012
37149
96300
9557
27675
4186
51226
55338
69886
29300
95913
54154
12926
35922
5532
8181
24150
56586
28073
44758
13730
92518
10286
38197
35805
3215
45955
2912
17725
52661
74663
67850
89870
5258
17721
5934
44
93326
27108
48054
60027
22307
63347
70064
27550
23531
74725
87193
54709
98029
37379
55901
79106
2353
77251
11128
70432
746
75853
23713
84131
30280
95663
11245
14903
61784
7117
99770
79925
10862
3315
19769
44233
6965
13639
99834
1495
44258
99443
65055
97084
64426
91244
25324
24079
71064
41575
28637
46993
34657
54459
90507
70127
24731
41065
29383
98056
52416
8798
72064
17977
84600
34685
73520
85047
13227
49074
43263
17469
95219
90686
61804
96606
83780
49320
2282
83548
18816
93755
72911
99315
21081
14226
96358
69461
99686
67237
44830
20426
49085
66913
74101
13633
48341
5393
28827
36865
27710
22511
21553
75244
43484
63863
35751
74343
53955
88680
1894
75807
94229
67523
22153
87439
58734
28662
46280
83246
23975
91479
45904
51915
51694
53132
78514
65728
24614
13951
88370
9247
45375
32490
45028
84712
11975
68161
29963
77592
34298
34605
79367
46996
7231
2576
26065
98936
91161
65860
466
52481
28225
34379
951
74752
97845
80219
39864
75682
55249
96108
10479
9353
53121
36970
65093
40172
41219
50399
9284
10240
84301
51062
27282
32413
60174
1999
47397
63445
326
99636
21968
76530
79713
12986
24577
25721
34730
93924
551
24234
10271
60504
4
91489
38307
78593
46834
9726
34685
45893
46616
19856
53031
38811
80447
97766
32650
31642
44879
8744
35207
87220
12816
70409
50048
67295
17875
71117
37082
21236
6683
26599
92857
23258
9340
7479
52291
94887
82900
69121
45950
61449
34482
89492
16527
65986
11730
98938
95325
1005
91921
87402
22277
8117
818
66072
29101
9290
79694
73895
19025
61516
57674
45666
48
40642
13638
70049
747
95867
25397
21227
56852
906
80111
32552
13693
82731
57198
4157
23657
95598
33286
71391
35861
60426
85239
8587
98450
15395
67613
33493
2235
60082
97051
39802
2672
44230
15563
43807
43078
87268
52147
25006
74100
88117
64366
53678
14857
80906
12182
59611
3104
98536
2173
34548
34012
88218
77905
75057
74158
79802
4980
58787
49438
19081
636
74498
26676
49529
21387
56870
31260
71213
45103
83628
48043
85420
59808
21926
52229
81795
12724
50137
94259
19740
44918
27743
82867
94131
53905
30733
74638
63935
54035
88789
72005
27738
93219
23778
51090
5577
1423
10161
26422
52308
44165
73134
88042
58744
23972
26576
31489
59653
96180
34897
5392
49870
42590
66848
76164
74945
49257
33095
29557
84065
12717
51200
468
93324
16133
42805
8587
49502
87083
64548
74939
82797
86559
88770
46787
52541
87251
30771
21205
58276
58274
85984
29535
49163
40087
77096
86719
66313
37321
23432
85038
22157
43115
70693
15204
31679
26664
64048
49263
19585
90485
53756
2035
28401
70783
96368
58133
15324
26860
78421
38697
29039
6515
60060
29364
50287
5317
28741
66009
57254
50304
5938
40832
88593
48332
70416
37127
48232
70220
32596
68299
678
32611
23993
1870
41418
40162
65965
95374
20235
8549
42726
65698
99300
19675
28640
74474
11923
2572
76999
90868
50179
57417
91080
30707
45136
51490
12636
20214
62254
52029
52681
21065
74974
10360
2874
95736
36647
3208
20378
77352
12966
90069
76932
72967
80966
75318
49069
51363
61990
80619
35229
87413
26731
3383
48560
78603
11792
94404
21567
89952
14802
44418
52908
12848
28786
84942
76483
70812
70511
35762
61291
27936
64701
35109
87226
63513
18765
71837
90501
37928
14426
56982
4042
69694
82194
8824
69464
9442
8750
48002
64411
54761
53786
48012
70876
11667
23981
43247
25152
31938
18446
369
45209
91593
93748
46642
84922
98146
88395
12637
51602
1710
97335
23737
81969
76995
14224
82725
77578
18618
53324
73076
42630
51816
73249
51654
43639
13565
97087
98319
61241
12609
18282
52302
83428
93005
88437
92801
27068
91310
11504
86850
29647
91189
40925
58867
5004
90296
94523
56357
61981
75445
68823
76433
27429
95150
54858
90528
75605
10570
81755
68093
8825
16857
16722
39076
95812
54665
57649
67150
68964
2719
80055
96979
59264
48464
2135
24358
77924
63524
4980
72619
41349
43151
44579
7005
52293
19846
78089
99909
44105
96378
24117
17037
4097
62554
7757
66337
59274
46981
37881
5739
48990
63323
68605
92289
77264
21700
64205
76584
55782
78555
95305
23727
84225
54097
8577
28119
11520
55102
3205
15988
64553
11190
50401
77790
81905
59118
51577
3612
26514
29283
31591
96434
27854
1096
88209
59890
14928
84843
92818
92626
70328
12236
75947
3367
95583
81953
825
5066
34519
74137
7800
87784
55210
4749
85731
57442
78634
52501
65063
17361
50655
27376
49775
53224
73248
10723
90993
91405
48463
26218
30952
70821
21093
64099
63675
33054
71164
5131
2730
87243
47000
1143
96448
54562
24961
79253
49750
73896
3902
69495
75760
16726
41958
66672
1079
21812
30163
9343
94857
37351
37001
45142
95351
80559
65347
83076
20719
62496
90149
63259
52291
8832
53876
94018
83532
9427
99201
35645
94519
30652
5869
22928
40251
50691
26921
32293
38751
25021
91624
31807
71289
28241
85067
9537
10763
65612
70621
13461
69448
27407
88234
37506
51956
7353
45398
78283
22203
95647
20462
29942
23633
29363
86379
76515
11726
57172
75753
93555
82127
12937
17800
77391
49850
40773
45249
18355
6468
69556
5716
90315
42324
36833
5653
51733
72091
2981
75017
14585
18547
16550
17357
75581
10075
18043
85270
10346
37415
15239
89384
74979
38315
19482
47437
38599
3520
44019
55022
41413
56282
34540
79087
13002
52936
26036
14458
37401
95740
92689
45309
65202
49847
73337
13311
80175
47009
4777
4778
37097
24004
27623
84952
77613
26092
22587
72702
38455
66991
14768
84934
8452
51584
99078
30406
96455
74295
93960
68548
7859
17529
66522
94033
8830
91128
49634
44892
85065
94622
52087
42454
85479
44544
3455
76572
84822
58827
90130
18338
47186
67423
56162
79291
65590
4953
6448
65474
57426
81761
35039
28141
82812
96614
75431
89931
66652
22458
65756
87061
72315
43835
36863
54952
83380
88721
97667
3235
42171
3905
94499
26958
62954
45398
25349
26666
22779
6166
63333
32889
14236
33881
42935
5698
98137
80737
66616
10748
98392
17148
88252
54164
66714
85731
82705
78777
91036
60512
63498
53071
75458
28753
1379
38155
54920
74844
29400
25930
1754
21692
83651
51640
60647
3828
13173
72384
44290
40615
47602
52526
57989
28449
90877
31409
47940
1125
75472
31957
21293
20602
52683
33159
12754
1364
29341
10475
42709
91284
97204
89135
13142
39286
23959
42767
81920
15929
12937
89262
44054
47847
35838
10665
64372
82221
3015
85695
62404
31665
34408
92158
32703
76493
26619
49351
21361
79345
54704
60958
59020
82712
65640
73815
19086
40240
18228
48525
6693
24474
20041
51392
67936
58090
84938
22531
76894
73367
62289
82809
29281
99995
88456
93859
3728
32521
50229
65559
73228
47270
56302
54968
19504
94389
25880
75042
31671
34995
20794
427
41211
47841
51693
44714
50772
86568
19180
8572
12803
81092
64928
5975
49754
88061
32078
88358
43193
65437
94513
17020
26609
61877
9352
99164
28795
58403
77753
26131
79709
78088
32656
34317
42133
88511
93507
23372
42533
91758
38782
99556
91935
1053
59808
30678
83628
80210
95923
35959
30236
64695
83320
49452
37240
40937
47909
82052
60148
3996
29420
9844
55257
6976
27806
38308
41734
72600
1352
69065
98797
72019
63568
69016
47742
63012
33851
51369
79641
8029
83773
73939
95940
37205
95622
38896
3604
69452
46735
57492
72065
75826
74482
26479
14182
15264
71454
84725
69779
61313
47055
48621
21847
7228
68408
64244
16597
89068
37306
93329
9037
28859
94725
31835
54787
64789
71985
5996
93721
29164
67214
40583
99861
44745
94673
34486
40171
45275
97554
44044
1353
42420
68514
74055
64166
59328
26345
91715
66707
56595
42825
835
93514
43232
56470
11038
92442
1697
26877
54732
83705
63945
4085
73440
72775
11686
1145
89277
78976
98596
70854
40552
81242
64192
78968
70358
1208
14504
11092
19307
50299
52518
84437
6477
62416
25795
67694
51712
49107
1755
4866
91406
12093
37704
97696
76004
89565
55801
75147
71607
87866
41307
34509
49846
44409
82574
987
24670
73805
8206
14704
81366
79964
83091
51943
27741
75725
15107
61778
91187
44177
23975
87720
44717
87053
39834
18510
1075
64342
9689
55521
73626
11166
35285
8545
35757
94391
53918
74757
70626
79967
752
22721
90640
61108
10807
45515
18695
18091
43390
58606
12449
8562
91479
36118
84136
15958
26707
5890
49830
78180
5114
88154
21004
30611
85886
54331
64779
75585
9706
22429
99650
52249
59544
93838
2039
91942
3337
83677
36370
18023
83976
98040
71456
48634
11990
96162
69232
15457
80545
30966
21589
67662
14582
40116
88483
12122
84447
36802
7614
46993
67042
41357
58490
6841
81548
80055
58052
89488
16522
48677
25825
71756
74654
3880
60414
20929
62273
54277
60581
20809
43050
27858
91031
57521
39720
42296
64428
95723
46093
92901
4161
66535
35738
58818
30692
9688
41337
97575
47982
58680
49657
12467
44261
88827
83749
94924
91669
66386
30330
97403
59899
74424
50955
31828
14970
22841
65122
77245
35067
82908
58095
53435
65974
17327
5451
48387
32591
41383
17170
10213
32777
1884
39369
23422
11263
72501
84250
97340
77789
2019
2064
81338
82306
42822
95868
42850
30479
55743
11873
55701
13465
27921
11740
4780
527
7840
24291
17463
86341
37719
14123
79140
94255
24592
6802
1767
58196
1208
22959
1660
52406
64912
26498
19166
13836
60339
57613
6914
74416
84919
66314
74552
58599
50133
23763
48525
34299
95936
68920
68553
45916
86707
56912
53613
70307
34369
82205
48730
86663
64003
53692
97294
64566
96413
73182
86724
99420
20534
45699
58806
24496
49785
23322
76301
50190
74213
54908
3679
64912
89685
27875
21708
68494
32174
26031
70597
22809
71387
38423
55982
56694
75370
84246
56493
86883
70232
3251
42707
67476
82251
51468
12828
68177
58905
29601
97878
20482
41763
81707
49902
64524
84019
74907
73314
42722
89027
88244
53858
75470
87296
68473
43361
72529
27037
11907
65767
40500
22760
12162
25936
17903
80301
76690
27524
13880
94898
97831
92423
76457
53956
22171
74642
35831
46173
17193
70640
99366
72876
13542
77953
67039
6020
79098
35208
64236
90722
39619
52534
59370
98815
55611
11275
84349
50114
78872
87893
25166
56178
62187
91328
43620
69359
43425
30115
1786
11367
70172
59158
55781
75444
33522
99411
92032
86791
75119
44463
75170
30869
61709
14432
79045
71085
43088
73125
55832
61664
23079
92857
5546
50772
14536
61483
49020
33383
54010
2593
57905
30872
60206
24112
45784
57530
90587
5804
88185
23035
18652
72328
37996
27193
70016
31376
72054
61241
92932
92955
29797
17859
95936
31457
75757
90979
4091
87835
58316
58208
32502
61412
40228
86781
53592
1277
99639
17464
44882
11831
12887
40035
11223
44435
89329
4633
74336
57270
34561
11421
70448
57350
1973
54995
43238
81407
76209
90121
35881
26459
95625
7033
60534
58630
61748
5001
90833
11916
69672
85828
67464
72481
52215
87013
72791
7356
68416
78826
71194
17947
76966
16370
48301
83724
18299
67537
37941
18009
95761
19755
40187
7869
85496
48565
799
10316
36844
95316
44576
94380
97770
12956
45476
60588
34400
21153
23603
84261
66621
18035
56214
57813
55560
37306
54598
46106
97267
99573
37634
42977
66508
30689
54319
7254
93908
75584
7529
29991
31514
65138
73596
24778
98456
4096
62285
8078
68836
68763
26846
74874
62686
59046
47981
57992
44648
15338
67845
52517
77659
24533
63035
75827
29163
55798
57116
57156
51604
7484
39498
22426
47027
1633
53027
73373
70966
8688
73869
7831
62847
80974
8768
27689
13350
73492
18397
72795
72252
58436
78699
95419
72035
5321
45476
73986
12739
65134
50190
79522
23403
69431
88367
69815
54952
70299
75799
53634
15670
93139
18524
60829
54890
13892
59616
20149
73404
6173
90804
79749
80096
8669
60115
10113
96669
30694
40103
12136
99450
55742
453
22017
93331
93225
30902
5798
45417
77681
83754
54735
20654
74496
75579
6286
56106
32003
59759
76021
71876
16506
21121
37927
65342
4064
38418
82166
87846
75338
66956
54516
90110
82758
97983
16977
77190
73694
46382
46622
30178
18052
28583
55466
74087
74094
82209
26178
2184
43693
18848
62050
31816
98367
15537
87804
29123
12922
15722
2623
11660
85792
77349
34476
90028
83855
14726
31043
69359
78179
79057
56370
6191
1066
96755
33661
49609
73493
92045
68601
74979
53411
68498
55242
71622
80567
13215
61796
82112
57245
68712
20109
61152
140
38745
31799
40550
87657
98037
45039
3358
22994
82594
57562
53120
79823
47202
52869
98154
27532
39742
72396
88329
38764
97534
76913
43457
84316
22094
9395
67371
11123
43969
10731
52762
90969
96019
39347
54971
39418
20622
77968
70425
18851
20338
35302
34843
81848
22226
55011
65968
73818
52042
6495
58667
82454
80144
44645
30374
4093
39767
96561
244
72114
45200
57934
59746
98385
38196
91414
33339
31234
99226
14275
40779
17499
32868
39224
66381
68838
43012
95098
90925
85409
79233
78725
51529
74616
50445
35442
93847
95837
46922
82695
45658
40296
84389
22794
46019
89741
45122
94871
42361
91508
71003
42009
96751
30585
15467
70797
99829
50422
17832
70438
76042
83879
58402
60833
23302
23586
31047
84703
71142
71788
96080
10600
22081
75135
1277
88184
9619
87800
21130
86953
41325
45020
59184
50009
53219
88556
1084
43184
72159
13596
14248
25813
44711
74685
89755
60138
97362
10377
80063
24807
94153
74873
80205
93185
22603
62553
46117
13757
36394
20938
22954
98994
26123
35857
95434
87991
5957
57967
72527
63482
82291
31704
28877
76476
77966
67326
83351
99068
95188
19155
62898
41614
91798
55571
19448
26125
54654
96291
34985
64124
64980
39848
43732
51709
2807
84081
90180
9433
45484
43726
20132
44060
6497
49762
68675
10809
85746
23695
53566
37728
60656
71131
18970
63422
4501
59694
33304
48779
36895
35783
21777
1090
1598
97200
73939
7156
65165
1997
6788
2137
30898
11259
23449
26834
1705
64289
44516
38591
21200
56467
61526
86372
96922
62191
53277
86092
69758
7730
95582
7194
71115
91340
34293
66284
2133
70491
77982
6807
31913
37499
73558
38276
97281
63160
55714
50694
3629
12779
61659
37706
81180
14649
39298
87879
62335
84382
93526
43510
78210
84715
22008
289
95861
38412
6344
23398
72593
33105
26946
90318
6233
46298
92474
17780
63875
64527
19264
80917
6083
13606
59868
11693
24675
3682
78793
72225
38802
34370
28772
58865
74717
61315
32670
17939
82806
76914
99636
12276
97897
72488
51177
84479
87894
64678
59855
69269
7459
39191
7741
9536
93265
35780
35250
95878
14510
27215
20489
43598
41774
43147
44175
61584
41658
89066
23913
25745
52995
6165
17140
57386
80758
39730
82318
68082
98054
48103
25182
5218
36795
59973
7042
98724
58590
45929
31115
314
86375
491
88960
96182
9388
74749
66293
92344
39655
77004
30475
68951
21894
38375
81730
75825
69835
59223
24409
61734
37743
70182
39004
1426
18517
74532
31428
3364
62645
30457
9989
52424
77876
23127
25274
96207
61434
98887
63237
63919
11676
85343
14042
64249
364
7452
7984
28497
27418
29393
96358
19220
45208
11285
92987
89595
12245
44969
62468
7864
91165
61269
71231
23643
36122
87520
78351
39227
36624
79160
77329
42080
14826
30279
96072
57409
813
45360
24626
5393
71497
95944
37915
92228
99425
1066
37901
90754
99241
35975
64052
45298
62062
27442
63947
83532
19292
80998
49266
94209
44116
40772
74411
81102
91011
12519
3935
94800
9054
88359
19961
80672
4625
23895
87261
31600
41669
88188
92415
53320
72125
72306
26130
14714
17781
98607
29698
45469
34538
90479
71718
93558
62433
32457
16965
21773
6809
33799
82931
24298
65417
79283
89530
25759
75596
18102
46123
51196
13491
83392
40915
28239
15106
66918
94613
85476
63999
71042
62547
1748
11693
92869
15973
61666
71285
26330
85838
35335
45237
99127
98440
74105
49950
2102
37416
1233
50969
69290
66133
31000
60449
94438
59255
22120
89613
47414
90110
61359
19525
97460
34384
91794
70561
56915
96366
9205
49072
3837
47925
20124
23292
24948
49296
84373
54365
84760
48615
22908
24003
15527
21111
29910
43394
84460
90026
61590
9810
65156
74378
14798
16776
52821
10203
15462
96475
54746
67285
32698
90289
78797
50919
90996
70328
68453
80041
55215
92216
18771
45513
49993
91694
10231
4081
8041
22857
38705
60062
69254
33452
43740
89898
29756
14921
97489
56015
96466
37007
24573
10032
76880
89586
2807
20113
73695
96360
29775
13880
12328
15528
35192
89494
53288
28136
20133
82546
65597
31532
71778
59121
83748
50319
61278
28780
56014
70208
49502
27252
89499
62371
53551
47799
42138
90163
32210
40306
22838
9646
81180
14357
16806
97132
88291
73263
91047
51338
72219
89935
46442
63520
95022
30919
55727
27031
64247
28976
10698
40784
98681
59832
75727
25175
71555
62913
80644
2638
38129
67391
45538
46309
54279
74716
824
53477
7456
62535
67835
92678
82305
53488
93158
66748
84620
36326
95957
63912
1249
76870
77075
68520
27023
76406
12905
51615
84156
12165
50884
40596
12603
82397
41276
10319
69045
47655
57953
25988
41960
29795
13213
26278
80826
99926
42345
83530
13573
53461
79316
45972
36787
51989
18223
68569
30200
54848
37422
31663
56369
49862
78446
32555
50964
91797
50531
28927
92468
37625
62591
47399
68692
99014
13853
76269
63393
96390
52306
45073
94328
27734
87531
65930
6870
95862
54404
46018
67295
85255
53233
16958
97681
28061
87047
19171
78165
73622
82786
42712
67223
70826
21419
97982
33939
1164
1844
90162
20189
21911
13474
28737
16523
26052
870
78172
81139
35159
72705
83838
3104
37978
10511
3744
33785
14486
28814
87584
28733
77321
9211
4835
71201
41999
68209
4350
56952
75930
91925
47427
22787
4613
20530
41724
41712
78309
378
77963
40926
39633
10283
83119
19043
96559
84317
96139
11363
14835
12123
36974
33393
81714
10958
36744
37450
3234
55410
74230
87819
67572
78587
55843
38025
89790
2595
83164
13613
16305
81557
32551
17515
22497
31955
45786
45977
64324
10908
45542
28836
91366
29402
69338
29173
34076
84410
4081
30706
3645
54617
57909
75655
4441
73356
60754
34563
77343
91388
7072
40995
90886
9212
6195
22976
97369
61655
52746
28107
41781
28002
48240
6339
47740
5567
21610
17939
91130
26297
2657
34105
11385
33713
2818
10453
78240
42995
1588
51217
18358
53207
73851
12545
62660
4111
12966
62798
70594
44850
45837
97222
9796
98369
92441
61445
27551
15460
38505
51203
69859
55847
40643
69636
45264
42516
46255
89957
23535
59739
71994
18454
21193
62408
46587
7291
97807
8804
44445
44461
45897
76906
68370
80077
4170
77863
90246
5049
22737
95004
66459
71807
63153
94723
73117
9905
64612
76205
50376
23849
94905
38500
76665
92734
55070
58588
67991
80240
43621
6016
8978
98943
27755
53404
81461
50932
39532
36191
34033
86799
56873
38150
10132
32638
43406
88889
74335
98073
39611
25142
70364
68625
48299
59750
40791
39288
94584
40934
88659
98012
82437
92711
8091
4245
50005
75111
75605
46077
69735
81974
26316
92911
31747
72226
77769
785
68597
5129
23224
82999
50033
87098
66160
97698
67052
98936
5087
50839
77076
65642
98041
11525
77174
29671
95976
25573
53672
87576
92614
54721
18294
83438
83169
6312
5898
20902
5306
94834
46255
74493
78236
68411
64947
251
84751
87185
86229
92083
64744
99415
98480
58621
94887
63891
36175
25271
66064
35922
90621
88226
98070
22040
55076
36157
26971
17968
29268
18743
76214
42761
4640
60175
3462
35520
8485
70935
8935
598
14197
94085
66217
77148
85838
53440
39916
12663
33838
75673
24345
3930
93740
55487
67996
30355
51328
40597
39708
44515
57130
53676
51836
96771
41865
64414
51084
51425
4605
90470
38473
98826
87845
73399
42370
67818
90492
43961
81737
60738
64131
75063
76131
73928
80069
4868
86128
9381
82959
9623
98960
59578
91393
74821
80517
26086
41846
48619
2319
8355
60437
52215
25484
29565
68371
42092
53934
78056
67056
49049
36810
82861
89507
13115
32025
12619
28855
81254
32998
28259
48456
65009
49123
54383
69032
27340
99517
74330
37731
65613
83462
86493
48809
49543
99547
8952
11658
64405
14546
66924
89128
16074
36240
72993
60932
69393
61118
21232
66317
16942
72354
61203
61639
77037
80359
65632
97024
59251
68782
92794
13553
39154
16763
24768
94151
13402
41754
11264
41397
52737
2698
59011
70238
80418
51392
76307
29227
33165
85850
44433
64017
18002
17076
13906
47785
300
50492
68198
50658
11580
26161
78984
69531
64188
44496
29343
84774
10360
92871
240
27332
59949
82587
42334
16542
80794
90540
39471
16647
95558
20594
49060
50367
71999
90357
83362
66445
5406
20095
72465
97751
96427
3437
41972
55511
92723
48061
82281
27254
25934
86553
44453
22836
53084
78343
30274
12240
57862
93394
56532
93639
44031
10495
57601
16128
21102
24195
11618
41990
84203
78810
63054
51181
61384
42023
78527
48155
30561
85201
87468
92637
79558
84400
66463
24154
81422
65537
12461
2876
85583
39566
62488
42332
78596
23635
2854
84736
90400
45071
15918
20268
8215
84134
87588
16511
1292
65899
1270
80040
5596
64547
89734
98071
44189
1831
46986
8628
63358
50211
40087
21720
402
99590
46022
25022
58579
83927
39686
87681
84364
40153
96852
73492
53905
95469
8027
40424
77047
23269
306
53257
91528
52548
40794
83602
60034
93027
18956
39471
54488
42333
17685
48008
87919
34272
36845
50109
48161
88728
36575
51778
23125
46594
3983
51720
88441
5130
11959
97192
92099
60267
36340
13024
28566
56383
47289
53038
34953
18266
61588
43009
27299
8654
98891
11620
2253
75259
73038
70298
35354
81592
83280
20976
26291
60810
37026
21184
40463
95325
17494
63924
14639
7472
5382
70956
7314
31697
33949
30862
4458
80402
74238
99342
22018
16928
95752
44456
53464
67940
37002
68449
62872
63453
66091
62299
65847
64900
60357
5761
44535
95918
90680
43698
83267
50529
30049
31961
98506
10367
91774
41762
94433
40729
45659
76206
5832
11336
26042
6798
96725
23437
89604
91501
4039
12893
88498
15344
64879
66061
35666
28676
89796
23518
83459
7801
58290
3093
51801
75124
2875
88762
14537
84803
91079
82490
17729
48142
72858
21792
42581
93871
40155
63354
95262
63014
63628
97857
50062
13962
25072
7561
39294
75140
5756
88687
23935
52072
73370
95214
79786
80726
27089
90192
48824
13376
28636
65847
1023
64619
14225
81436
24606
61852
9870
6585
67522
2255
31225
25373
83879
80880
97104
54109
55558
80550
65474
69384
3016
53319
61827
29690
50884
55057
77145
88951
76923
79198
45137
75858
19607
17934
43844
84538
27990
65388
48495
46509
52495
32217
5051
30248
83732
90279
43992
88733
44738
82390
20316
95663
40525
55201
21899
7719
55011
57905
51288
49576
33846
61675
52211
59683
13418
33474
76249
37155
63500
27343
66293
3574
84893
14653
80203
59220
11918
30482
19564
4279
19223
10790
2728
28076
388
15969
88598
18430
84323
63005
22022
32123
84621
91328
10263
71405
87989
9945
89745
82582
40433
3825
90905
53183
74288
50879
58686
63639
81391
59126
83842
78038
51369
47424
9425
91624
16626
81093
97220
91526
62388
1158
8285
825
44346
36501
97217
60396
96793
49431
12248
42990
21393
14441
21689
10045
56865
98834
7176
93530
13325
22463
36872
57383
52601
42678
47423
561
49615
71544
96379
28985
15584
77061
38199
40982
42655
82620
73630
87367
9870
11150
58439
45445
56667
72001
95060
25727
59706
26798
18394
45288
30653
63455
67708
95571
16462
52207
9871
18794
40331
79673
18929
52137
61136
6913
4412
80833
42945
73946
20804
91521
7375
82778
27779
7291
65801
33248
38204
73224
46712
2925
26369
2863
60069
70698
756
32411
42463
30628
59705
41550
46552
45441
79050
1797
24468
37861
74329
21390
24438
65086
93243
1957
2616
26066
95395
66459
46075
70694
27974
97700
88994
26829
69364
71011
75453
59540
4660
33670
36523
74664
764
65539
68879
93455
66213
99876
65870
76587
380
75917
40547
32714
81728
4487
53436
98697
94402
47187
5900
4497
9290
2878
5339
82967
27363
41100
83366
84150
90655
14687
34261
61991
90933
35609
92056
34076
85639
55500
16747
74949
98334
81736
55125
84395
16014
85430
31076
33995
30913
78800
47455
80585
45992
36773
45667
89058
17079
57569
39792
2773
55466
48991
30356
73004
78662
84723
76942
29614
93285
72267
7565
76873
14251
94940
88020
88824
83120
15798
93953
63653
76342
77935
95477
73849
6556
31755
82863
59926
94491
14440
30174
49517
98548
41460
9572
34153
47061
70878
52688
99048
12431
93015
50973
56856
21199
30295
48655
80806
60007
68963
35117
76588
47040
31818
22402
73950
77045
19170
93034
74374
71522
5835
95149
99180
34536
61221
53933
46668
71603
23135
58680
12939
81723
64449
27146
87705
24215
67823
73305
1309
95219
71683
36594
27992
33687
97599
84069
75971
35642
33098
32551
77827
26266
16064
41158
27108
88008
7358
7034
59300
13755
35270
40439
33440
18732
63180
29360
20353
14327
64777
2911
53932
82787
79804
90910
63830
74818
20297
77627
23266
16280
77935
39986
82683
38518
85333
97301
18469
18845
74167
41758
83384
47778
58768
6714
47255
89938
56341
17188
48627
10131
66681
14109
35699
13376
59420
20624
72345
88167
48752
86696
73999
59848
68662
86889
33276
52016
91287
22946
55427
78735
89433
69786
42585
38149
20114
48515
12906
10739
56775
67867
69061
3450
87125
36746
21390
38968
92117
53291
22502
9244
94752
67365
78588
34208
97168
40496
78001
76054
60432
16544
19101
49525
4226
38699
72590
65082
80418
70913
36963
5967
73580
62702
75491
29052
26482
14637
72263
99768
57328
85493
20506
23750
30397
54596
33215
16287
84759
32587
54314
61332
46054
86967
31692
56530
72298
21635
88615
22645
9589
20125
99012
67185
71855
40999
18728
16977
60545
13192
50360
31067
41429
92956
40469
41518
47923
78456
62287
44652
20232
48004
89923
79179
48104
18145
29591
32587
29312
42497
29888
29836
83236
5566
10903
56312
67699
60498
86801
27618
86850
24717
46878
5117
43715
65155
61037
2038
7353
40271
33442
62458
71798
71478
31543
49316
40913
51504
99892
5099
33807
38154
80937
85210
31832
79142
62223
8104
7968
91396
24509
73046
97966
2585
8271
26236
27693
98980
79044
84319
20949
29731
40237
95596
28323
62127
36849
62717
50885
86520
93231
3581
49298
21607
57603
91467
7030
95313
39833
66418
80639
70254
97209
72087
13747
76355
12738
75519
25226
87108
69908
80509
16681
69214
88407
91862
64345
44177
48537
59671
6384
72260
23631
99703
37266
80991
3605
37564
70793
78217
91993
88386
68103
81501
89099
52826
88719
84304
23812
71119
59184
76013
4530
31966
26897
70178
33756
1490
19199
22917
14612
92761
8053
19403
36212
56448
34625
65938
21079
52328
98989
91167
59771
12635
44205
14890
17614
11046
51682
23386
3680
42682
97468
10049
42724
5809
91652
17682
20018
78263
27501
46785
50451
5754
99017
78331
12936
20351
20645
21850
29089
84697
47941
52507
75112
33704
83083
10649
36196
75029
84763
52693
21259
91452
36984
76637
91219
44224
15421
28872
75898
57564
78861
45761
73317
23031
14153
54405
41440
98083
35328
85278
91950
477
32811
70075
47674
13620
35791
20595
25543
6132
9722
37792
66009
62751
69984
87869
65398
8780
13994
45025
94652
52177
48748
78088
10550
8729
96634
76899
86683
98995
69457
18784
46732
6506
32849
92569
70367
90939
55907
93556
467
87294
8942
2712
62497
9022
37191
78111
75117
831
17636
78057
64116
1995
49284
8525
14001
48819
90578
63296
36922
66847
35750
52791
69270
69638
71169
87338
82488
70038
38075
39979
52181
30751
66981
40320
69888
81427
87707
83011
30463
88320
68535
40080
6865
75166
88129
17296
41693
20375
4816
22673
87870
53501
59508
74336
93291
63274
97295
53954
40032
52686
57014
40429
92117
82003
20604
11461
51072
52330
92741
89328
45935
61319
9779
99558
11087
47023
83887
88905
90473
18981
9513
45983
37034
34821
56322
89540
95892
66206
82672
5213
95953
60466
61225
57146
95559
86919
76730
43177
38444
98973
7959
46401
57097
54830
88145
80954
26310
64054
69753
99955
84473
90700
20002
76664
82075
3980
11618
44654
29912
15514
93108
17939
90953
22337
6993
55456
16006
49253
27987
51877
78681
96415
28508
94009
21817
39675
48856
97265
19334
70625
86876
74377
3283
68713
97437
89697
40597
3016
51097
46107
54106
87175
50621
59671
67034
49206
7633
84181
60604
33610
49171
25254
12663
38713
14959
68109
81735
9327
29788
97215
68827
47210
85173
91154
95275
42002
82504
54928
89954
50155
17880
64803
49669
68490
63831
82000
10696
22450
89159
92269
85392
27949
49267
56031
10685
40316
92786
28441
2966
34789
86888
51007
12023
65498
68150
42491
73289
73332
1353
32743
58854
60510
58593
85076
56027
91065
4753
42861
37956
24340
83744
35872
63416
55428
48853
55490
46382
78394
51842
88400
19288
46789
40100
54863
97379
73389
43840
73296
47358
20524
68572
19963
78200
37798
29358
94847
489
24551
19738
602
36389
19028
39203
11855
32611
33378
21258
90003
49709
74137
56310
75793
94604
91885
63878
92048
28740
5506
7055
51910
22064
94991
68103
23774
70491
15402
65958
56253
35410
96170
39452
67148
91720
60071
85003
41960
8742
24942
57344
57489
35448
46241
30972
18862
28792
65813
13862
79930
64994
85845
30477
68311
48934
39839
325
8468
86515
59642
63752
48626
70743
26161
50901
66022
31133
46932
5346
35586
35816
46999
1252
98979
50019
75749
17627
83477
49614
79562
73252
5711
74928
75964
70798
73508
29889
71611
85576
24862
1410
41815
26371
3885
85337
95092
69347
55416
93810
65097
617
8253
51204
74806
3045
53546
22890
96219
29548
11163
32684
63294
45250
60487
85724
98012
82175
47730
91966
70251
4867
44125
27050
94290
21392
97093
79422
19233
3892
41666
74803
73386
63194
16907
7430
43235
21367
71288
63331
83495
72321
11797
5336
57432
43505
72974
32130
24023
53502
67596
45274
20631
25190
58830
42982
61061
5521
40750
74933
49576
48401
228
12908
41456
79448
9624
49234
53562
69298
89885
18113
38743
18636
51369
79752
34620
40678
39593
48851
36390
64963
79669
64824
80091
34627
52491
26825
9014
47558
88100
22871
94289
59868
45775
45073
51073
11321
96687
77836
59038
52939
44446
46232
77771
39368
23346
19958
42243
33930
16186
84065
67852
71513
30601
61378
78309
86233
65183
74205
79858
59480
58620
20711
60875
90370
44804
99426
52083
52723
7531
65421
75522
21186
49788
13385
70569
13534
15843
10384
87173
8026
46533
21562
61585
12940
42642
18773
45143
30413
86741
11937
36853
27198
9772
74251
60978
62211
82269
82643
78705
8889
27219
30359
61417
34038
49109
49935
75591
19911
62532
15704
24247
7562
2932
8982
57396
69806
24578
9544
33443
80183
6492
832
43866
32863
20891
69465
96444
11091
64319
73312
96341
73925
13138
60121
61179
94014
4638
89342
77254
22450
11020
29626
67387
14399
13574
15267
98748
887
75155
73752
35070
99417
29981
83595
15962
38270
35192
12344
82030
7721
9893
14709
38098
39822
6618
30717
15535
84297
45373
35731
95862
26921
96809
51215
2490
81220
74282
99629
8918
35223
51293
78664
62685
11738
51778
38686
87258
19881
98729
75345
33445
57779
36135
14243
52521
75193
44825
74345
96854
65977
76969
83712
48525
6802
14195
19872
4465
36346
81049
86201
71450
22995
62476
89416
16645
16277
49459
36295
97961
10163
7225
9655
57105
42756
72475
26999
86125
878
75611
6000
35529
39852
12265
2969
68112
64579
57653
23454
8979
86027
95351
82344
49406
2453
61445
12180
90737
50031
92480
25391
71101
47005
64421
62290
32850
11829
94997
96195
72731
41266
60704
69487
85929
41372
30200
6372
46068
71436
93634
11614
99084
16710
47450
30977
32838
5852
95670
90440
47301
69394
48243
57053
33411
60331
77830
57554
40133
81446
96206
68786
14044
62353
312
17915
41906
4944
86036
56169
91381
68071
8735
40465
85288
13170
38324
34397
29137
99084
52123
87672
78015
99740
11533
84333
36225
84402
77177
83665
61965
82946
78464
12780
27119
6756
34429
33335
53966
77746
13136
61110
31266
16163
37616
63118
18500
17624
40724
78961
78627
56131
89848
61920
62740
2484
58673
95676
62272
48870
53344
26015
97280
27951
57871
26261
63310
14936
78191
86872
82612
71376
84754
94351
49448
72855
2580
17670
34659
2550
21092
41256
62114
18214
576
482
39646
58801
78899
2605
35495
78145
7146
9289
10016
46892
55969
12341
93909
81427
26992
20108
61086
58731
46921
35783
10229
33390
59976
14824
41419
18325
48311
34512
11319
13786
56062
18132
28745
42815
21871
38248
6257
9961
31605
26599
72345
87043
86523
96962
25434
31047
6894
47930
86349
39268
85872
77674
69412
10446
28513
95701
22300
84402
46063
66009
75777
27198
2054
2806
50874
45814
39500
29003
45342
11283
86715
29817
59765
82643
40035
25387
96825
25893
97840
18409
798
16001
24706
31873
28403
67605
48003
71894
18767
89780
56278
69399
2569
67695
27359
84338
86249
3843
43554
68966
39677
86461
79926
30043
14921
90827
9859
95256
72910
16722
3518
67971
24949
80168
39885
54514
99391
38111
99064
69273
24446
45780
62405
34968
88516
25135
47238
9570
10087
37947
46311
3919
33643
64623
25944
91083
39247
49143
38543
77225
363
98934
30403
26132
63155
87606
7577
14304
74589
82294
80214
11840
90971
31694
50390
31586
36051
6334
55142
79787
36837
64746
2666
26997
41366
70065
76353
25932
55291
49235
98842
19080
58800
53004
99027
52000
1533
98428
63278
91540
69486
18258
15847
41958
51926
88792
85587
75681
71005
22126
55616
90710
24842
37435
90390
9561
20347
1172
33015
8463
97222
46662
6818
35487
26712
9320
30172
2991
84740
80544
12834
57973
57488
15728
18107
24726
5235
39411
54348
84378
19286
77058
38304
84054
25168
98920
68343
3380
41275
42908
29769
10486
70776
23395
51039
48561
40212
22899
58376
63569
1698
68028
62747
55782
63362
3682
73643
64226
22898
15685
43745
90705
93840
30541
86879
52306
36302
84416
55694
70258
23149
73641
29038
62353
94374
29117
56248
27312
32959
98521
31212
68895
41344
71645
61109
14641
58140
99132
67084
30124
19396
56299
8799
47248
28886
69968
3218
4462
88337
89875
97041
14285
84225
72889
17648
92526
62842
25478
77448
15326
64864
73748
95881
33429
87561
28024
59857
11328
70369
84710
43192
74738
65739
70239
94699
56132
5442
45242
87226
25621
31272
21076
82603
24740
22718
65122
69927
48703
65959
76507
84186
70647
55945
76846
92134
88687
72469
57562
57749
7787
30659
38454
85540
43338
81208
1915
47181
39113
70985
88698
5864
65115
77813
61064
3420
29043
21025
1024
68545
73063
27899
89767
12636
7709
87154
16410
96379
88589
53827
48086
47886
31721
30112
65689
24355
27434
13283
87932
18339
65721
30245
40753
35514
80490
97347
15557
51082
13130
31252
13469
98949
23620
11807
53990
4217
86701
27142
39093
63206
76877
19455
22081
40527
65179
96270
94718
83713
79929
69848
32044
58324
42542
20988
44798
60181
55385
78288
13190
65007
26507
54533
69117
61320
68223
97375
91514
11352
14240
87412
42846
76432
73147
11987
42509
29356
76941
52127
49589
57781
26427
6961
89610
22741
70262
40597
14127
68310
89614
3824
84896
32000
41997
2150
20254
39572
40281
45581
73815
87478
52388
28041
7436
9726
92273
27859
49017
89305
97890
7664
42709
4366
79703
80211
29868
66923
69930
10850
40286
54085
83875
600
85989
90444
85674
4013
47151
247
45833
47573
42788
29976
62906
89258
75748
79863
69259
93821
12894
79352
26061
76642
56785
45985
57549
61342
98606
79018
41322
27466
73177
22230
703
33612
73433
77906
1108
51577
23081
50958
18399
82896
33521
92089
10272
48445
86592
21342
33689
54394
43897
68607
66928
13271
6096
22064
50470
64850
1708
81326
9296
39720
29932
96373
18066
4502
12587
35225
9671
74021
10375
36829
6160
5358
90649
82888
29437
64518
91789
43640
73332
47105
39795
28455
17294
37781
60806
96459
39405
20390
79819
76756
43117
55956
95210
97342
71319
39936
99741
94567
55042
28862
59618
83330
22981
45672
99808
43281
92994
89123
24463
7807
69286
69334
13551
88028
70060
31375
6130
53435
72712
57270
9960
83927
3136
13828
78554
53556
20157
45792
2418
50596
45849
59944
81369
18505
50887
5230
67329
43879
56845
43785
31225
86354
42480
14775
57439
41549
46800
85425
75728
87931
20294
49023
52316
74062
5493
22641
44055
6261
80395
90862
39959
15266
8138
8744
53096
37815
98062
50104
95248
18411
97468
27026
50285
37281
28066
32818
15519
31945
20654
67175
90019
62270
34510
33010
26039
55382
49682
38873
97209
20624
70512
28109
93050
94538
77502
21801
65252
78251
97730
40135
29512
58610
2296
56132
5787
53053
805
70602
59554
78167
64916
8706
67384
80640
375
69337
18142
52139
32067
68404
7562
77135
86840
719
94427
31635
78447
44007
3386
40115
38283
56345
69739
70756
28392
86699
83960
3611
37977
95120
65331
33868
95796
12055
89983
68426
91006
13283
99666
24458
46242
63092
12687
17855
31205
36366
54631
13008
47775
29891
53201
75154
22906
68072
22230
50558
43246
41000
25773
86205
23007
1872
43463
7897
11950
52292
88062
86738
68454
10647
88115
11046
28411
71584
78776
28100
22765
31570
16866
70680
83160
66949
35472
10501
1903
87625
34979
95504
40054
2633
10653
87615
64122
61342
72793
86031
72267
12368
18652
81176
63124
58423
56912
72482
64089
54521
31999
43030
96689
16797
40647
52787
3553
81344
20759
60182
85256
68579
928
27646
3684
72488
68624
71474
71470
23757
64129
22336
43296
84969
43943
13613
26368
10121
41182
88844
89090
40713
94043
81026
12048
23384
90883
56223
87278
62622
21417
71964
50994
45837
84234
33363
55122
92720
51190
97989
33577
93848
19959
17330
66888
92692
87152
47446
92716
71904
29749
10440
55670
45742
47399
2748
31945
17834
14548
45682
38896
62138
17579
96487
86541
87690
35262
18287
62427
81330
18988
5042
16010
48829
98291
50448
73936
97600
10392
91948
48295
43927
68022
15156
62438
57551
20894
73338
12929
30879
98174
568
41772
59689
8642
24104
89682
38005
83988
48767
5477
91399
44001
61357
47370
50766
10333
30878
44366
50516
61776
6785
53132
18364
23720
49071
45069
5344
44690
72578
80245
334
39437
2484
65392
16379
66195
98115
75423
86794
35785
81130
43797
60662
56556
61140
1726
71975
86610
39371
18269
20435
8901
66350
19422
75238
63427
12182
18908
21183
64052
21377
69710
44675
11216
55588
73270
19762
69403
1977
84068
16744
30435
24058
89309
20558
66004
86281
35788
36938
89450
58834
68119
25625
41249
13757
50337
81810
51923
84766
73695
43107
59415
87877
86178
82190
31115
94523
90129
51519
67077
23664
69060
49692
18636
53835
70113
19258
99628
63088
53
39036
51533
24329
13310
57371
11529
63156
26594
32133
37369
92390
70363
32098
1234
8726
69818
12325
48121
22715
39202
12352
30701
85100
40998
54192
42951
66198
85046
21585
9842
81290
59088
79764
45280
62920
2799
82321
66378
28718
43149
36370
23252
68888
51594
63348
9918
17421
33107
90916
3281
99692
43551
58759
45533
18892
80554
97359
18229
79614
71067
49146
82665
15973
45674
49705
19794
77509
19352
18015
32520
80976
752
67017
26667
29578
30908
87591
38982
54715
90724
41039
28679
91163
98849
81552
66282
40745
76139
32045
58531
74880
86249
76521
34047
33687
18381
6926
81356
90341
40837
7271
7919
69887
38996
61692
23204
95510
72067
85128
22067
97630
21053
44879
50692
43183
91867
15593
92560
534
47032
59284
32188
72689
455
44092
84874
85798
10575
23790
99930
85309
58624
48839
23547
99756
25613
40233
53858
17594
64179
10243
70111
3332
87722
96900
15405
92314
24644
88658
93587
78507
5847
83464
69865
58912
68705
36812
56829
83317
8494
21182
90924
93093
83458
21683
27904
54058
41300
92930
95920
75172
36910
29862
76136
25278
22213
37668
60226
35671
28602
99538
70185
28475
18856
87945
18695
85741
18005
88484
87793
59822
830
40322
29725
52503
41910
7215
16867
85937
19486
49770
16046
97004
24377
30913
9958
20963
37258
95166
58608
10073
24781
5927
65021
28701
3557
47981
5543
31607
37033
7334
66970
8463
34220
5092
46901
93362
98814
85102
4046
91474
57895
68754
93923
51835
23116
67008
99175
80285
16163
15155
83113
9036
67634
52159
69895
87521
71333
46192
90511
73276
14339
70458
45314
25359
84123
97219
74696
66597
67466
49010
73714
78383
37066
40712
18861
62594
91677
51059
82416
72578
58944
19449
52359
69864
16711
47704
44501
60155
19693
23068
26805
24178
7807
7819
20365
94952
77085
87185
98170
68538
84977
69762
38588
33833
32457
58580
33781
8013
69569
42315
20568
84197
4471
18049
28364
40769
51989
32668
58098
93328
44707
95332
3979
20661
72517
70402
80858
56334
19490
68264
60108
97859
53662
68536
22220
94405
39927
859
54503
74390
14891
3663
15246
48883
1192
80487
27864
38552
96011
19524
64817
91940
47383
28521
67917
80270
87024
64349
42146
6416
71329
17448
74
8286
64098
30258
8341
43995
31313
91159
62043
13088
15911
91890
26103
78335
47250
82772
65166
1315
49859
28343
34522
19432
22909
29712
92235
41887
30329
75968
76890
53451
11851
67948
76262
41996
55454
52622
11510
11958
26883
19388
4142
45883
66136
79970
19348
12468
41747
21276
37122
80092
44016
64942
74406
39587
7486
68052
7335
66267
22216
66259
61102
49470
41476
11903
33869
22178
81974
46191
30713
75874
31457
51120
38190
96050
4379
35424
26318
38530
13202
83153
32455
16593
89970
63461
74990
73184
31916
7347
93283
37821
63275
45458
46920
59080
80241
51151
70132
80665
53759
94383
2393
79970
55591
80463
76539
59068
16031
95731
88285
3581
69602
73515
83455
24949
83483
85197
35999
5313
91803
33808
53451
80727
27979
53834
38591
40521
17021
25482
53391
14427
81284
83838
87310
97888
26505
50945
51076
27626
93745
96529
9256
59528
92969
69697
14288
53375
8379
39609
97308
78399
91261
90936
26884
22102
74714
9698
55256
649
81745
80191
76903
75149
31641
90432
89110
74314
37301
23764
76272
96611
56000
14756
10050
35377
39075
84449
40709
10169
36951
2158
73926
86636
29024
27744
89761
10624
62907
70125
80688
75612
3919
14978
32888
8056
68301
9240
7152
89275
30019
18077
79296
81557
72816
76156
62062
1737
62040
83701
21450
98686
43066
11195
16441
52090
59525
9365
61992
73824
66482
88080
42305
45625
49840
89738
14328
85333
84613
57454
21120
82888
75716
76215
94562
49678
35023
59061
557
23227
90049
49168
92143
27323
37158
73866
84095
71977
43797
55108
12921
44058
84750
29245
55096
16081
50766
3187
34205
53765
96059
25117
17960
92237
65202
19670
26563
23190
64441
91456
59102
38034
10012
8514
16400
39256
43123
91573
77901
55116
44889
44352
38059
64491
78096
24654
45898
90320
60981
18650
29097
84805
31247
74523
4452
58665
46978
23927
88969
44253
79567
76227
7426
86224
86393
62506
82804
44103
4843
53752
7918
20074
28291
19318
24914
80718
15133
10959
77744
33863
50510
79130
71312
77686
55423
62228
39908
19598
72453
15735
65898
25505
18329
37924
22358
88676
65667
5670
52029
70639
38311
10147
24451
71283
80388
9636
25883
34771
31212
35962
82600
60475
35312
90387
40356
88116
66214
13932
12980
87826
88167
64940
97531
6025
48659
1878
77180
68180
81022
76456
36264
19908
96104
35275
56197
98623
3095
92309
15265
76342
11788
37703
3862
3001
15631
68145
10890
53343
72504
40204
19390
10117
47066
3345
39696
22983
82505
34951
13325
64815
50098
40692
32427
36115
20307
91658
52597
17128
56633
5266
8796
78809
86807
30185
12206
51841
34264
75591
4820
17869
18754
58016
53136
393
16594
18622
94688
40839
25426
46960
8020
86341
37285
38498
53611
16452
12178
71731
40554
9642
9847
41523
64050
24759
74237
27052
42474
59395
98325
52194
73095
33798
97934
28769
68899
8093
80709
91943
73593
16356
3162
21438
83929
64879
92479
20671
15668
80098
27690
3744
49584
3476
38476
57608
57201
4539
5450
64249
29125
98466
39869
58381
38326
9102
29023
98386
70735
16240
16713
26274
78780
39129
43318
3004
27309
39444
33573
66914
32717
3639
71055
41635
48031
49874
96792
46179
99353
27284
16898
49424
36137
83239
76891
813
35516
18786
76767
46881
57887
10519
71704
87240
7802
73859
37146
71288
93355
38240
42053
46329
54353
89377
60265
74148
63254
60800
95444
98120
78666
32729
36138
59225
91487
78968
94780
52120
34517
57454
22808
94320
19011
88487
9300
62439
24864
37288
28921
26019
82789
79365
94710
42787
46370
71209
81317
19141
56523
35071
6898
1672
31012
95423
52704
66069
42160
46886
92088
89450
96713
20001
56398
78892
70416
24397
54314
92992
50072
55225
41829
98797
21240
32122
92943
68431
14561
82514
65749
30714
87714
80378
40615
45619
77909
67550
71142
96913
92700
20547
40945
95500
75428
16306
34113
78408
5951
89445
45617
12117
43777
7051
85043
11864
46905
49591
80390
67677
39309
27791
17009
99355
16910
69362
95667
56351
80522
81506
43331
21351
53607
68422
78471
73207
92927
83806
94204
29764
13854
72384
89653
48528
55129
10447
21863
38195
86925
65650
10472
97780
93901
6553
89310
19250
99111
47575
83236
60268
27247
1893
50861
32383
33583
13004
51542
597
50923
55102
2111
35369
190
16503
33953
88885
98095
60472
8575
31284
88474
69802
78080
85799
27600
14861
39011
58462
22583
69295
5407
24645
98134
55490
1505
18701
29994
53489
3228
25280
2338
92774
7428
46444
38134
3582
85935
23805
32950
8805
76508
62948
24796
14794
88654
65676
82226
69378
27499
1723
204
44407
46007
5022
98245
58091
75896
83236
82176
59892
75854
94138
69504
26407
58137
23988
45017
76261
29367
17305
98262
82620
1810
87554
62829
23246
64479
36459
45933
16233
42446
37132
7810
20508
26332
93860
70193
80654
30413
11286
86369
23811
95619
19433
21074
9466
13804
38073
40620
76763
59611
40010
31490
82546
85982
4947
84250
97823
29745
97912
47286
46619
86473
59188
75372
94013
2670
1655
73718
12048
13328
28370
88680
32848
54503
90493
34633
72886
69477
7873
94214
15001
86892
48544
6232
57149
81249
23854
70515
12994
74020
65646
84641
63234
37365
9746
16548
72118
76039
93062
89877
41833
74450
33875
64935
63658
39805
91741
92333
7946
22364
20424
97894
3281
68351
74940
14118
85939
32963
3201
70099
58037
90640
60843
54031
37642
88410
78117
71308
77763
81795
56802
6193
57190
26145
21883
96808
30205
5586
25815
13551
19470
45421
68087
27331
17838
25415
38923
6096
44489
15820
83183
48556
76461
78493
78235
61442
32525
80457
85902
62540
85465
87597
66501
43505
34407
24112
77808
28931
7665
5410
68351
15136
45042
61440
36869
66616
26936
73093
62087
51346
22700
50612
3133
22147
9391
22363
53956
84643
58081
97535
30899
8655
90336
75615
46009
81540
1710
33364
21500
12270
74136
51558
28196
31456
50566
25766
58923
82322
59660
17443
69452
56877
52917
35382
86918
55466
74419
2359
74127
60910
30978
64931
67476
37795
11045
72855
55667
85839
6825
89346
83158
75935
55540
6531
1608
48052
37985
86444
51588
67509
91473
42979
79055
53617
35213
19508
80776
46255
40592
86821
28407
74010
91484
57711
28611
59051
25054
85787
69196
57694
63273
26147
65185
87374
24051
82502
97886
86866
15568
30826
34441
49419
8771
76050
84145
46198
29146
11136
3725
52136
65696
56041
40491
34537
53601
37236
78305
99486
38017
17325
76482
52468
89286
91864
46085
88064
14833
78992
94879
30582
51238
23059
97915
94724
52431
18535
2731
59794
24463
90620
82541
82100
5739
81762
13585
7909
23196
15114
30391
1876
6796
56209
82756
13411
3989
74758
74292
14997
21922
91499
23307
24733
40249
62376
61918
1257
26345
36183
45402
15957
94229
16727
36531
85462
78339
6252
18436
42641
16542
98690
22367
68364
61673
83702
48408
41450
62292
73586
33275
5422
84877
37288
99394
3309
77082
84971
36131
51308
82506
1101
29456
98982
40402
85025
57584
87111
66577
46611
59606
99337
23190
49938
74696
31223
66377
63754
30375
54734
36746
44878
68862
67541
50316
33001
20083
72816
39493
41563
99851
67396
89701
48515
97933
78122
92731
85564
48308
8940
30195
18284
79243
12037
56793
30321
83780
79338
91528
12202
41254
78004
96520
27970
57829
75612
1260
67259
35710
2559
42445
94504
28178
3106
67074
52168
65278
31398
69128
79681
6567
16623
41261
42971
49840
58056
8638
8890
70271
84039
17601
47742
38078
4019
14730
63711
36999
26409
31352
33444
35376
4385
76901
31244
20053
10762
81164
35856
14017
57482
94579
88785
30368
79626
8553
2407
97176
22716
3294
68756
35424
87376
80780
38523
75201
40353
14048
24674
98278
41800
47678
35742
11519
34000
46206
63350
15716
28130
31457
7181
23503
57521
37984
80777
63858
534
35975
25122
3668
70239
2886
11654
77664
60256
99083
71014
81083
88020
98875
61473
25901
62201
45341
63981
14032
52344
20408
45501
95920
99667
11270
11831
3567
64501
8684
91299
11716
13315
46075
19726
63763
60242
60320
18768
12241
65764
16237
84811
50072
66640
49891
44554
84380
74878
2725
13575
8623
7195
33820
47538
531
2679
79502
89979
17304
97567
21568
99429
29918
11116
57082
54396
32887
71090
23145
2694
45883
62173
25629
40802
67808
37594
15188
8496
42349
55130
83917
81567
83731
96353
41668
64162
54598
10245
17745
66671
69015
67788
81624
10914
46330
41105
93376
45484
71076
21214
67896
57905
14025
37711
90702
72524
92501
55191
57417
82396
88464
87316
95211
64678
65882
15133
42483
34095
58925
26670
27787
46700
63489
6321
65485
76831
98943
43033
89877
32375
37166
67450
65131
27180
95293
35051
59939
99219
70556
26351
48339
42095
98467
88239
98859
8009
94006
73139
7391
97224
38140
76774
89259
34084
6132
30251
20820
64835
71404
63349
89348
13266
36016
28731
43968
65314
16884
98166
9906
81117
86758
20406
34510
3530
32849
63626
82646
62458
62490
89983
864
61641
30748
91192
13442
35168
85243
47516
13726
45579
92533
77373
15534
77768
14469
2049
60761
8094
33958
90540
1579
78043
59913
81
15183
41716
97825
72388
86706
9021
90271
80350
18503
9508
95055
62837
14165
92874
42998
35597
4599
36936
30376
87604
21358
54922
31049
18640
63749
67513
83878
16444
13769
85491
90540
20927
461
27364
99845
79772
49521
4589
46459
94930
95002
77709
11815
80482
30082
24542
22477
68494
12324
70414
69700
80821
11175
57477
74003
39756
10492
69930
64180
25979
83225
84918
40846
71534
68030
53644
25527
53994
86613
35714
55050
85272
76715
53717
63458
10355
67838
86807
76909
87078
7247
92406
34390
30131
43799
61247
25194
39439
15472
55338
29193
76668
40991
78567
30924
46459
8124
95673
27267
38587
16435
7224
54858
83577
98444
78113
86067
57045
82334
8167
96692
91478
63656
18617
22583
26772
72249
45241
33471
25128
98567
93473
26049
20986
11415
46769
85137
15148
76111
99664
50578
8254
44693
46308
80625
39486
90946
53791
19200
9399
38322
38261
15059
41286
29937
75744
13823
53611
36700
76848
33169
95954
10002
34168
42334
44926
65058
76346
84155
96247
15629
58088
67530
84935
23495
84231
616
32018
12521
55859
17804
13628
67260
83686
63193
84375
14180
53064
87291
1012
21129
71817
54149
99841
9120
69847
72003
83463
29788
84807
83604
55906
54937
52162
51943
50729
63612
96900
80742
29496
84078
51193
23418
43059
55222
53603
66552
30096
22691
46434
80938
95255
84133
34094
5675
77742
50059
64547
62798
77959
98819
52837
21200
94328
59835
70019
19043
89239
42823
46732
14905
74729
43014
70649
19206
9039
36908
69606
18815
27848
81417
69858
59666
22156
49879
10136
30815
86497
39719
86553
93968
6212
97897
37089
85605
66935
34921
50414
34386
89078
62964
48118
30919
99015
55924
62839
11300
29564
44157
57303
37431
23363
40689
48752
92814
83052
63532
58477
98547
9856
7833
4427
89753
76533
44733
11455
55786
47668
77439
88830
66216
60981
52960
5429
46472
49428
45873
57436
39288
22089
82871
36206
89891
66314
9351
75716
78360
22788
27567
57248
65480
10791
50888
31746
91095
28691
84236
8279
84199
88335
87839
34044
29089
30656
55535
46436
17945
25892
83104
99967
23451
36864
63903
11479
5211
35703
20375
73717
70441
17876
80447
96327
90664
65032
76961
48121
61778
81225
32948
9318
12208
1012
23244
44092
55588
12663
4044
83611
7783
62959
68046
49161
48258
60310
28246
65458
22806
54150
75014
94631
97348
7115
59841
29619
77610
91928
36199
21938
45618
73957
89680
22772
98876
87689
86656
23330
66726
70536
440
73789
60182
31572
56632
95007
76153
77399
6521
72059
97871
92510
57573
38178
93819
7567
98164
52542
42209
30270
75659
17202
77750
62228
49754
8442
50216
52307
46439
30625
93636
11336
41533
5520
19584
30492
12400
77643
40278
83790
12169
75403
9396
27774
69004
96838
50878
5624
63482
64042
77672
94764
41075
19386
31163
20762
71267
29924
75977
95753
73341
33951
22294
87333
27107
22891
31633
32659
42259
46148
89858
65365
97233
120
91904
37083
52394
58854
16528
30761
88648
75656
47788
38539
83588
45931
48300
14465
95260
40785
76864
35110
12326
57463
27352
35989
894
81976
48444
57613
46672
37505
66731
65613
38740
72997
51032
29450
7512
59674
6075
56167
57173
15284
41648
36440
73658
64143
87383
8344
95493
74089
49222
58851
20718
42139
86220
19651
57398
4375
79368
99022
83231
85151
89376
86153
88714
97439
87724
22400
38569
96069
35076
87243
67610
12536
21932
75058
86023
24734
22893
39955
1560
1251
89223
86390
98831
13708
77000
94729
13789
98327
25570
93352
77271
48252
69977
18181
71782
66356
82814
25314
64035
98448
87552
66811
70029
99795
86126
57785
37436
34174
25731
78517
42914
45981
19283
68009
10485
54539
99446
78401
66416
37364
57641
52877
99038
18520
36578
70370
4825
32656
85057
95451
89394
38230
84110
55219
42665
45626
85381
162
65156
67518
31439
12386
20291
53796
99582
84595
45851
92791
73878
60658
61602
6484
90877
52963
55037
89474
31253
93530
38525
26394
11169
5656
79367
93734
67252
89415
77486
61440
50760
5890
62441
60524
26694
19085
41531
66174
8082
41634
48735
62907
14688
30866
22611
96261
19792
82173
53752
65046
42464
17338
88735
64653
81168
61232
51971
15344
45149
84272
30264
48902
46557
28530
81073
14972
61637
60360
61249
54819
34117
29652
45795
64014
31612
10123
50511
82561
13950
18016
90552
26808
66417
36254
5858
96928
19004
66874
25397
8780
87260
5064
52509
89442
36658
72242
27055
26304
29244
86949
95436
44136
28884
5625
42432
96832
22372
63533
61093
47587
92079
16369
13231
69963
36332
3741
86458
26437
58798
63923
91087
66395
41530
77741
25771
71926
25086
27253
38288
30843
97127
90714
1608
96186
96485
16292
97389
62283
74853
50732
81568
69634
62944
96403
96413
7080
83928
40217
72957
31568
7241
75523
95296
97904
29967
3271
1601
1686
59720
48412
57790
63299
89415
9361
22713
62457
26991
58382
8385
53671
43372
79012
72707
24529
22120
38988
38391
86855
1797
14586
29010
6713
87665
41860
13146
49076
87183
14355
7019
98367
83590
79460
18045
44268
64483
16770
31219
76629
22725
48557
55235
11489
54437
32166
34827
32586
78198
80874
12396
19618
59839
78294
8038
57806
11506
42624
57028
60971
50809
57007
42852
44043
69985
94191
51525
92342
35172
50256
51281
65091
91651
68598
18847
14940
76412
82543
12673
77662
16420
95569
72977
67703
26637
6418
91587
42245
41158
13123
51418
60569
59017
25107
31116
13696
24623
50011
42411
74558
78995
52889
95312
7032
82714
59243
96293
70631
11148
5846
58080
32713
82351
56852
72250
9885
95346
81914
17527
19748
44249
81244
73271
1118
18005
9530
67600
75337
7918
85302
83528
4926
25470
13968
34587
44132
43258
87568
12318
58368
17536
85867
9690
27873
90969
3903
30727
3857
90209
68898
32032
18832
30320
24440
28507
48510
33129
89698
12453
46695
52035
30088
3482
37641
96710
9663
41624
30284
23880
62981
22612
63492
26089
38300
87240
54629
48275
40877
36958
67158
16410
67016
53774
49094
92438
99282
86900
14770
1926
64832
42582
47127
78604
36827
31759
23811
39669
80376
63297
97523
96584
49297
91796
12879
54015
61127
48343
59355
92561
31075
85515
82199
11998
44072
78148
9826
56214
15338
722
76729
28851
99183
27812
79192
52183
40859
46408
21100
85217
62079
88422
20248
28280
64879
23912
80401
47804
33092
9161
53618
65063
29399
50405
62003
59327
39145
94277
59249
99980
98593
48066
81326
68949
26486
94452
67518
86036
6225
84678
42097
51255
12253
88930
45514
83566
54510
89682
10984
94133
82573
35320
75134
23732
15364
19037
93976
9678
84026
62319
47124
13751
37392
52196
10208
15709
30126
21641
71632
36360
82577
39345
26886
8958
19248
1395
31289
9003
73213
85073
84140
23092
39429
3941
64453
68878
10726
5054
44868
35645
74430
7229
58184
8777
12357
2830
95262
8251
65347
56694
37888
36025
13841
11729
85731
96287
72901
62447
67680
76335
13475
83645
29053
31151
15693
96607
94991
8105
41387
68159
50508
94802
65072
67378
1608
47570
60919
27061
71641
59409
63244
78972
12644
44377
63380
36280
80689
31779
65905
67341
62731
87502
1398
80237
57037
37563
44900
31931
27005
80162
31712
15584
76315
27060
93643
17794
97079
12701
79063
80413
14326
98343
62954
75857
86859
60902
24436
3804
47052
90229
21109
72114
83119
42249
30417
12992
74238
69030
22651
10029
33622
92070
72263
60506
93932
77357
46008
22463
70473
70743
73529
54589
73016
74203
64488
87674
12910
1285
56584
17472
48509
64376
71767
54204
25606
39005
6284
50742
53111
39771
14502
76724
46611
52993
14931
42005
48674
47675
19592
97624
26547
63932
57710
90017
12479
7588
91155
76826
59517
6823
11020
56666
54464
27175
40434
41695
89057
8457
1229
2449
51304
64971
80472
15130
48548
87422
41336
7783
38980
36448
82506
43819
14957
238
79958
11385
17246
1490
59480
18621
86345
53659
18392
70691
58913
61124
20178
28103
75776
12047
41055
40826
50326
22926
19225
39817
6641
54148
40553
37638
25808
99260
1146
21399
72523
27995
61419
40948
60138
78847
28090
79051
70409
47655
6131
1492
59385
44219
70814
94793
4246
56187
94565
86403
56068
9223
4265
99568
44562
38883
2845
15540
75279
92331
53590
55048
57260
80765
81337
9504
51854
44035
44960
30141
98271
69267
77236
10895
63259
8316
84872
28124
40341
6941
73630
1888
70522
79654
90653
25809
13051
49198
528
23327
61968
99556
80633
77377
9683
10513
64968
6360
74099
28059
92751
81390
25919
26059
94498
19885
36840
74639
64230
46863
68931
71033
28046
59766
75278
73195
49436
47729
8259
78779
67326
95664
45935
70637
54184
97307
38227
10608
78986
68220
23048
16315
91197
52078
92164
55293
79389
31948
66332
54674
21725
12430
2288
15142
36347
69667
59531
40387
50853
15034
23201
11147
43173
5986
48446
45324
90715
45245
91836
56936
61968
34995
68197
17416
73887
71780
11772
98419
33549
10379
58013
81357
48730
35803
10409
34401
9521
45929
62454
81091
56098
61861
98497
52973
21616
51975
22230
58169
27323
2218
21490
80183
47423
14835
56047
77828
54310
36610
25798
97751
25495
24768
93086
99205
14195
85361
65568
50818
56261
48896
8645
15548
2970
5465
18736
37803
30339
48967
66276
22358
81464
80538
63981
72995
88134
16314
42011
74786
46099
4947
3987
62292
6227
15950
97362
67264
38196
64616
50678
96266
80686
3725
42367
74784
48056
39360
44658
47568
42056
78172
62518
64063
85341
82697
60334
12190
22921
2953
41140
76136
25508
50849
67571
55746
97917
60157
73493
85052
40489
6500
86798
73369
87786
72491
31727
13086
12359
75962
87872
8984
31440
89923
42360
78337
65703
75254
33984
63950
56830
39726
52398
73244
91746
23547
52693
41618
86438
48141
24542
70526
95937
70286
3093
24650
3619
10271
97342
20978
52671
29659
85647
95133
82106
37833
55567
24333
18426
50767
13216
53214
5500
72348
76841
31653
93898
18054
31853
95404
74381
58422
86470
19617
77411
72444
14501
46815
61874
706
22418
81284
41316
75171
39197
92258
24719
14921
42372
120
4514
86416
66016
15127
25140
65589
27761
64518
69159
56865
5651
48673
90410
47548
59228
34012
40435
69761
16553
64673
23825
47278
28160
22687
99475
83053
90381
82066
14466
95287
20491
75570
89001
66551
71297
7693
61181
58062
36687
86875
8127
27452
35065
48847
15345
11490
80754
52778
83591
20814
42736
99181
62946
22569
30732
24753
21356
76527
11063
32436
36369
21262
46803
51510
39146
62618
27599
36926
69184
80159
99197
5925
13570
71785
44590
52356
88359
42403
27251
15307
27487
12041
7411
58874
64885
42054
32678
54239
69114
17005
34184
2430
6070
64717
30991
14210
3250
10948
86502
20002
4548
48665
74758
45025
24918
10632
50565
54343
95490
67302
11327
95653
22197
52690
92371
44685
74152
54780
76546
86569
10747
61384
12449
71507
21299
89594
82082
10299
52307
80194
65884
43081
30245
51239
19406
15382
79273
29270
23224
52539
76983
59044
86579
24312
63691
23842
55279
29331
33521
82762
96688
34145
67912
66384
47636
26135
11631
65124
13427
63096
38529
31480
26587
19114
79485
38815
76974
17610
33488
