1000
84158
31149
58022
84774
47147
61134
92094
68426
31861
84947
13733
21813
13769
15998
45405
34814
63598
46125
47994
60690
83551
6752
11053
78905
92631
24941
19710
81101
40736
3787
41178
17712
42088
90273
69067
10129
65172
13109
93187
23637
45146
97965
78452
31998
16726
72158
45885
23161
41339
25468
94444
81637
77418
40126
74031
76009
871
2601
49331
19156
88477
98353
63641
52909
92596
6755
82821
39877
7674
44396
99981
4164
23288
29498
71392
92903
23145
52248
70045
25800
78558
78464
56184
94458
17470
44464
69757
72661
49692
29218
40505
14640
43775
34903
48717
82682
37485
85390
42997
15129
63407
63886
20688
20785
3426
6835
18012
85440
2257
70315
71386
31339
65760
39981
67825
88817
96746
6132
48121
1934
4877
47995
32907
18084
68072
24785
51811
4707
98695
35581
40676
55254
13473
27244
46760
97246
50332
94082
38023
81692
28715
99744
52883
48121
12161
89639
75615
49329
65849
92601
8042
424
85311
89028
47080
68363
21037
85750
65060
37210
43974
8512
33435
18439
70561
67177
5384
20324
76651
49505
31209
31026
40025
67561
29138
54863
11620
95079
42730
92252
83258
61781
44184
18427
44764
5563
88939
53001
67233
74100
51157
25007
41142
5554
23309
29587
81573
22846
22725
99851
48959
33346
65221
25418
50846
91937
61414
32340
79076
67933
97732
76113
35793
23529
17655
22161
2322
7419
87673
44291
77591
83987
29156
53484
24835
59837
48766
76886
93499
60359
27219
63512
47177
86736
89464
75183
86196
66327
12537
93412
91620
62138
47587
90088
98380
4278
31358
78434
30099
6842
57040
63623
88586
39482
47011
28318
89986
94564
5089
16097
74836
20536
3089
94270
38339
18833
2457
3308
44573
8780
9144
91279
16977
66409
94643
56627
96885
39138
98340
85148
1857
14395
84968
46591
91934
20752
98720
44892
93368
11677
63644
21747
485
51689
44639
87123
66412
92316
85142
12254
63416
3352
17365
47762
45708
35565
2544
98498
61259
44724
62488
80574
71272
90998
76089
58297
70487
78851
27730
24844
17165
18109
90248
15182
40554
1666
29985
35392
60029
53079
25587
3516
95453
93271
55218
58420
16827
30878
82745
61558
45567
44975
45757
84449
4796
79388
34305
13531
82050
61220
91390
21321
4924
77847
49083
75935
55442
93220
35823
24931
36925
87639
45767
75278
91871
40392
36106
61164
66819
96652
72211
49723
50668
926
76532
40854
82823
46868
1861
89100
15972
7667
54697
21750
82898
31069
14398
68183
39806
52111
72018
93526
51277
61689
18463
65905
93399
56157
74516
11442
13447
27982
16331
27793
12159
45449
49759
85779
2472
445
5358
92692
90904
12377
31763
59708
42190
9305
13372
57475
60864
6864
44515
86092
64300
50773
28807
30941
71381
91871
31199
44924
71223
60674
2552
70398
32348
96357
58220
74568
20208
73307
55588
44951
2563
68963
14932
60975
54141
24006
83659
46180
41439
84957
41607
45631
44938
30967
54764
42371
56078
12702
45138
44049
70203
4470
18587
23261
50745
10768
82205
69065
95719
89800
47518
37348
65553
95022
96645
93535
62684
45212
71305
55839
64054
7212
23511
28073
25325
37407
14639
57826
40441
66417
2299
82356
29984
39928
60755
71924
68896
64725
33003
28140
81732
67688
12099
28884
77421
82518
25260
57634
56318
46676
329
41026
28999
93703
77044
23803
68117
35206
39378
10890
10246
44328
33754
1616
32875
72806
85789
5813
22929
4951
72125
46290
31757
5209
79181
4987
80538
58986
80812
19575
26443
36033
28873
67531
58466
56486
68123
67531
7573
94956
76357
96219
9493
71228
46460
13139
87702
58623
55978
62714
61229
17870
98034
32942
73818
69334
80752
26657
41271
24900
85830
49248
45183
81517
76129
19108
69328
43783
36844
5735
34660
36742
81753
7704
681
85365
38444
19489
37196
9217
36059
99507
71719
86234
69107
63599
66935
20293
54989
3198
33996
24628
19926
33976
77256
92039
85013
74293
6184
73105
94200
3638
34385
79172
25233
91450
52580
17616
13467
1875
23946
96629
91567
77871
32094
51133
43068
14258
80812
56552
87114
83560
45342
54367
7212
22913
63837
28769
83511
76159
69863
4981
46558
75783
41352
79182
28517
67416
33528
93786
37721
82964
4934
24032
59238
89025
68520
88378
48139
70536
72191
97451
27283
18680
38929
25261
35231
62316
93153
36405
99896
74452
76410
21478
30188
64616
43505
19891
61228
83587
97213
1740
49794
16014
72741
49985
761
37832
14041
68024
69280
91765
32379
72199
93938
79787
75931
9856
11706
19127
15717
27066
45827
81196
27268
20152
49625
15721
75963
30012
18764
99744
57959
60885
13444
70216
63506
15507
52110
98026
7474
4392
82520
35901
82314
17755
10165
866
24946
17153
86569
42230
33414
78974
85033
810
52334
4136
44570
8862
24747
13034
88633
52402
42028
72451
94664
88310
65746
97856
87805
55728
75143
97912
48624
97732
52358
47881
81246
17516
68181
98761
69248
6157
59353
15418
40967
23963
73394
32458
24811
26959
23380
11419
85643
60806
19617
41000
62034
55848
66272
31939
75438
76601
60010
89680
43944
43258
51498
43553
38956
12778
8600
6902
24128
84681
22316
90262
27624
76275
16535
61730
12741
99098
71273
1171
86724
147
85392
62797
80630
13351
2436
29249
74154
2555
63087
90819
30527
90256
98741
33442
2172
85428
45904
21677
5475
83958
9814
84787
76706
80512
81767
80511
37310
9547
88275
3343
20140
72953
95404
41771
26239
99704
84500
60056
10005
6133
7415
50772
26191
6871
35596
95965
33139
72028
32318
31181
97969
49299
93267
78318
78801
45742
24683
101
959
32747
43985
96585
49138
48010
37468
70726
8106
28030
1616
52129
28234
61510
2347
76084
45983
86173
37348
47343
7068
25802
39458
51021
47128
67874
46729
32450
91372
81582
38232
10472
79135
38081
47988
37680
90471
26414
13176
46435
61125
27775
80865
78053
20248
16728
56844
62803
90880
82291
29718
52090
99437
54175
18812
42703
51721
5089
736
41694
41889
11654
79205
36402
6739
34113
48323
10405
93589
39947
4676
55254
37590
95666
93184
22322
74092
7340
55478
15533
91206
75022
24706
82834
55139
81908
52146
725
81574
42201
25418
42871
10235
99476
8761
7326
76019
32203
88689
55095
34427
81367
76496
22776
52338
40091
4097
96964
89833
13814
88478
19113
21964
72232
14220
77343
85633
3926
3017
82921
3494
3507
65881
2622
97502
59064
30864
6660
52721
38510
